3

0
0.000000
5.000000
0.000000
0.000000
0.000000
0.000000
0.000000
0.000000
0.000000
0.000000
0.000000
0.000000
0.000000
0.000000
0.000000
0.000000
-40.000000
0.000000
0.000000
40.000000
0.000000
0.000000
0.000000
20.000000
-20.000000
50
20

1
1.000000
4.000000
0.000000
0.000000
0.000000
0.000000
0.000000
0.000000
0.000000
0.000000
-40.000000
0.000000
0.000000
40.000000
0.000000
0.000000
40.000000
0.000000
0.000000
-40.000000
0.000000
10.000000
-10.000000
-20.000000
20.000000
50
20

2
2.000000
3.000000
0.000000
0.000000
0.000000
0.000000
0.000000
20.000000
0.000000
0.000000
40.000000
0.000000
0.000000
-40.000000
0.000000
0.000000
-40.000000
0.000000
0.000000
40.000000
0.500000
-10.000000
10.000000
20.000000
-20.000000
50
20

3
3.000000
2.000000
0.000000
0.000000
0.000000
0.000000
0.000000
-20.000000
0.000000
0.000000
-40.000000
0.000000
0.000000
40.000000
0.000000
0.000000
40.000000
0.000000
0.000000
-40.000000
0.000000
10.000000
-10.000000
-20.000000
20.000000
50
20

